1000726
1001176
1004699
1007259
1011364
1012108
1014517
1015353
1026707
1027790
1031810
1036661
1041546
1050599
1053012
1056518
1057535
1060422
1061675
1065211
1065856
1067791
1068173
1070366
1072214
1077609
1079257
1080713
1080996
1084993
1093047
1093819
1094431
1095525
1098375
1099661
1100941
1101626
1103572
1116139
1120525
1120964
1122004
1122708
1124262
1125950
1129269
1134180
1139163
1142528
1143541
1143935
1145615
1148102
1149070
1153501
1154871
1159944
1162238
1164447
1165832
1166452
1167904
1168121
1168673
1169515
1170898
1171260
1173159
1173166
1173695
1174328
1177798
1179158
1180831
1182086
1183805
1186504
1187049
1189134
1189200
1189488
1189980
1190214
1196732
1197513
1198098
1198202
1198204
1198206
1199547
1201045
1201115
1202730
1204508
1205302
1208786
1208834
1210564
1210579
1210885
1213073
1213125
1215943
1218530
1220641
1220645
1221336
1224900
1225696
1226078
1226909
1227518
1227859
1228776
1229922
1231374
1233837
1234042
1234052
1235795
1236874
1237379
1237836
1238988
1240167
1240490
1243406
1249015
1253963
1267592
1270507
1271922
1272777
1282810
1292446
1301704
1302052
1305130
1305216
1306203
1311331
1316637
131726
1318562
1318654
1318688
1319572
1322393
1328371
1329733
1332496
1335786
1335788
1338153
1338275
1339686
1339735
1341597
1344027
1348200
1348510
1351079
1356508
1356993
1357575
1362976
1365797
1369833
1371018
1380157
1380255
1381502
1384091
1386477
1389377
1390423
1396544
1396574
1397510
1401936
1402634
1403237
1403240
1403241
1406470
1409304
1414339
1418349
1418593
1419156
1419818
1423143
1423404
1427091
1427173
1429616
1431136
1437404
1442945
1444900
1445724
1446588
1447243
1447493
1449237
1449809
1451495
1456307
1456449
1458292
1463795
1471291
1475078
1478718
1480713
1481406
1486606
1488657
1490417
1492875
1494005
1497031
1499508
1501439
1502496
1503935
1512538
1512914
1513341
1513506
1513903
1515188
1516525
1518124
1518661
1519211
1519396
1519423
1520402
1520450
1521203
1524106
1528433
1528593
1532200
1537806
1539205
1539537
1539636
1539774
1541965
1545495
1545788
1545910
1548330
1549162
1549562
1550696
1551210
1553538
1556766
1558398
1563421
1565463
1565971
1565981
1568001
1568014
1569767
1571083
1572278
1574030
1576872
1579872
1580166
1581025
1581452
1587405
1589864
1592339
1592496
1592504
1594244
1594255
1594265
1595441
1598340
1599508
1599824
1600914
1602593
1605454
1605507
1609782
1612872
1616870
1618238
1619761
1620515
1621678
1622354
1625189
1628300
1632452
1633724
1638532
1638534
1639477
1640561
1640564
1646762
1646865
1647543
1649340
1649365
1649963
1650944
1651167
1652350
1653550
1654281
1654465
1655801
1656821
1657185
1657815
1658333
1658744
1659380
1661277
1662049
1662556
1663773
1665105
1667671
1668143
1668812
1671006
1674023
1677512
1678394
1680483
1681439
1682023
1684583
1684727
1686790
1688451
1688670
1690127
1690536
1690569
1693932
1694855
1696133
1696273
1696659
1698622
1701035
1706270
1715153
1715726
1717921
1717986
1721101
1722012
1722641
1727419
1727619
1729230
1731804
1734475
1734653
1735149
1738692
1739289
1747943
1749718
1750068
1750443
1751618
1752955
1753019
1757189
1758420
1758973
1762495
1762620
1762624
1772922
1773854
1775107
1776164
1776635
1779272
1780022
1780415
1781474
1785223
1785760
1785772
1788042
1790149
1790645
1791697
1792296
1793759
1793934
1794009
1794343
1794415
1795234
1796430
1799115
1803938
1804663
1805863
1806174
1806193
1807711
1808627
1809153
1809212
1809865
1810168
1810673
1811560
1812284
1813227
1814517
1814593
1815592
1816077
1816945
1817946
1818500
1819674
1820856
1824928
1825476
1826338
1827282
1827572
1832635
1837411
1838215
1840645
1841686
1841729
1841840
1842857
1842925
1843347
1843432
1844670
1844875
1849082
1849258
1849856
1850836
1851904
1855847
1856909
1860309
1860810
1861356
1863096
1863685
1863723
1864170
1864765
1865235
1865882
1866822
1866902
1866977
1868724
1868929
1870588
1870647
1871983
1872374
1872939
1874542
1875252
1875892
1875931
1878026
1878331
1878470
1879688
1880111
1882162
1882270
1886320
1886430
1886534
1886737
1886809
1887004
1887041
1887239
1888202
1888334
1888454
1889022
1889596
1889601
1890243
1890269
1890652
1890763
1891016
1891763
1891767
1893011
1893457
1893874
1894877
1895170
1896822
1897238
1897735
1898032
1898042
1898634
1900804
1901503
1902194
1903797
1904138
1905545
1906159
1906288
1907541
1907544
1908274
1908726
1908727
1908996
1910555
1910934
1911273
1911413
1912624
1913024
1913108
1913735
1914162
1914585
1914766
1917733
1918145
1918545
1919991
1920047
1920169
1920687
1923366
1923760
1923995
1924727
1925521
1926307
1926980
1926985
1928203
1928229
1929241
1929879
1930747
1931437
1931574
1931668
1932177
1934793
1936474
1937009
1937247
1937978
1938267
1939084
1941274
1943350
1943371
1943387
1943610
1943703
1945088
1945346
1946003
1948509
1949314
1949748
1950007
1950009
1951790
1952046
1952461
1953479
1954166
1955708
1955910
1956565
1958064
1958321
1959498
1959953
1960326
1960336
1960773
1960778
1961075
1961725
1961853
1961972
1962295
1963316
1964557
1964885
1965365
1965918
1966837
1966907
1967047
1967831
1967842
1968871
1968872
1968920
1969990
1970300
1970301
1970415
1971276
1972258
1972302
1972367
1972474
1972522
1974695
1974844
1974895
1975312
1976014
1976058
1976059
1976399
1976523
1976808
1976986
1977114
1977467
1977733
1977759
1977862
1978574
1979692
1979694
1979695
1979940
1980593
1981552
1981775
1982397
1983013
1983014
1983265
1983888
1984300
1984794
1985229
1985378
1985936
1986381
1986582
1987586
1987587
1988084
1988973
1989141
1990152
1992025
1993620
1994192
1994225
1994288
1994807
1995134
1995159
1996821
1996981
1997355
1999119
1999392
1999691
2000332
2000593
2000658
2000878
2001301
2001673
2001954
2002108
2002851
2004359
2004728
2005435
2006459
2007413
2008300
2009124
2013657
2013675
2014018
2015115
2015964
2016252
2017117
2017232
2017639
2018034
2018754
2018865
2019381
2019547
2019732
2020330
2020659
2020707
2021260
2021329
2021739
2022221
2022581
2022945
2023923
2024155
2024359
2025300
2025555
2025808
2025951
2026031
2028742
2029011
2029504
2029925
2029932
2029967
2030175
2030189
2030194
2031786
2032445
2032956
2033498
2033514
2038167
2038409
2038936
2038941
2040488
2040542
2041734
2041745
2043318
2043745
2044701
2045117
2045220
2045425
2045672
2045673
2045841
2045928
2045938
2046403
2046537
2048060
2048089
2048320
2048672
2048948
2049859
2050374
2051363
2052038
2052129
2052259
2053250
2053782
2054716
2055497
2055597
2055738
2056127
2056201
2057221
2057431
2057887
2058477
2058611
2059899
2060723
2060921
2061275
2061360
2061408
2061702
2061784
2062842
2062856
2063487
2063604
2063656
2064464
2064784
2064859
2066128
2066457
2066675
2067205
2067965
2067976
2067994
2068563
2069063
2069177
2071068
2071416
2071768
2072070
2072221
2072793
2073156
2074212
2074234
2074262
2074276
2074490
2074523
2074985
2075580
2076424
2076564
2077383
2077768
2078299
2079285
2080184
2080270
2080294
2080448
2081215
2081983
2082173
2082577
2082584
2083625
2084022
2084566
2084758
2085657
2085807
2085850
2085853
2086770
2086855
2087134
2087320
2087893
2088690
2088917
2088962
2089256
2089631
2090310
2090710
2091789
2091915
2092335
2093630
2094270
2095104
2095798
2095844
2095988
2096032
2096817
2097022
2097027
2097038
2097060
2097415
2097425
2097488
2097836
2098371
2098391
2098868
2100149
2100393
2100423
2100926
2101502
2101746
2102384
2102656
2102805
2102990
2103442
2103464
2103471
2103480
2105085
2105150
2105419
2105532
2106350
2107327
2107463
2108775
2108790
2108863
2109231
2109623
2109627
2109658
2109991
2110186
2110498
2110542
2110600
2110963
2111017
2111063
2111065
2111155
2111404
2111542
2111722
2111732
2111881
2112037
2112385
2112467
2112506
2112745
2112854
2113375
2114009
2114330
2114449
2115273
2115289
2115397
2115578
2115936
2116116
2116176
2116413
2116542
2116602
2116755
2117103
2117232
2118712
2118788
2119540
2119544
2120025
2120031
2120423
2120539
2120995
2121542
2121742
2121810
2122045
2122108
2122111
2122636
2122982
2124764
2125409
2126246
2126766
2126803
2127211
2127334
2127424
2127841
2127850
2127864
2128070
2128736
2129189
2129233
2129428
2129993
2130590
2130854
2130956
2131313
2131327
2131356
2132582
2132599
2132739
2132762
2133268
2133361
2133627
2133865
2134158
2134234
2134449
2134563
2135139
2135217
2135803
2136184
2136208
2136215
2136656
2136880
2137064
2137208
2137275
2137291
2137401
2137654
2137898
2137987
2137994
2138003
2138136
2138161
2138343
2138472
2138745
2139044
2139092
2139441
2139463
2139467
2139587
2139829
2139864
2140008
2140580
2140809
2140923
2141164
2141183
2141228
2141328
2141343
2141613
2141679
2141794
2141811
2141839
2141902
2141978
2142112
2142276
2142298
2142475
2142720
2142769
2142806
2143175
2143184
2143257
2143271
2143691
2143760
2143824
2143858
2143934
2144154
2145043
2145138
2145325
2145796
2146693
2146866
2146977
2147130
2147324
2147349
2147656
2147660
2147677
2147699
2147701
2147833
2147879
2148013
2148314
2148368
2148497
2148519
2148535
2148681
2148889
2148903
2149216
2149438
2150115
2150116
2150241
2150331
2150579
2150662
2150666
2150677
2150704
2150724
2150983
2151593
2151825
2151834
2152057
2152267
2152531
2152537
2152711
2152743
2152787
2153091
2153254
2153271
2153275
2153280
2153512
2153643
2153677
2153972
2153995
2154112
2154213
2154293
2154578
2154767
2154993
2155073
2155152
2155180
2155649
2155786
2155882
2156062
2156066
2156292
2156309
2156454
2156487
2156890
2156909
2157049
2157356
2157429
2157776
2157862
2157887
2157889
2157898
2157927
2158221
2158223
2158228
2158245
2159311
2159398
2159642
2159716
2159734
2160162
2160218
2160495
2160562
2160569
2160817
2161190
2161198
2161405
2161453
2161555
2161660
2161679
2161737
2162041
2162055
2162062
2162090
2162138
2162253
2162375
2162408
2162680
2162682
2162896
2163173
2163183
2163291
2163293
2163339
2163557
2163627
2163746
2163758
2163784
2163842
2163888
2163900
2163923
2164112
2164273
2164290
2164411
2164547
2164624
2164789
2165151
2165157
2165163
2165455
2165684
2166144
2166155
2166321
2166349
2166771
2166777
2166916
2167062
2167088
2167772
2167975
2168025
2168048
2168331
2168335
2168696
2168702
2168721
2169107
2169273
2169282
2169299
2169495
2169504
2169517
2169550
2169769
2169997
2170114
2170348
2170525
2170653
2170859
2171225
2171414
2172008
2172116
2172241
2172509
2172862
2172926
2172934
2172988
2173192
2173314
2173425
2173437
2173607
2173721
2174111
2174158
2174447
2174658
2174849
2174877
2174908
2175057
2175366
2175425
2175428
2175457
2175458
2175676
2175679
2175969
2176005
2176258
2176263
2176432
2177313
2177519
2177755
2177998
2178132
2178137
2178150
2178152
2178168
2178299
2178304
2178352
2178601
2178603
2178609
2178679
2178689
2178717
2179034
2179080
2179135
2179425
2179435
2179636
2179927
2180478
2180798
2180811
2180876
2180916
2180955
2181155
2181241
2181522
2181535
2181803
2181873
2182277
2182543
2182820
2182863
2182895
2182946
2183072
2183085
2183264
2183508
2183749
2183751
2183807
2183830
2184413
2184919
2184920
2184999
2185028
2185031
2185036
2185042
2185081
2185177
2185369
2185447
2185467
2185858
2185914
2186031
2186412
2186427
2186639
2186756
2186842
2186851
2187016
2187099
2187337
2187509
2187578
2187628
2187629
2187630
2187654
2187714
2187847
2188155
2188180
2188210
2188227
2188256
2188388
2188392
2188425
2188491
2188658
2188662
2188711
2188740
2188993
2189018
2189108
2189116
2189268
2189390
2189413
2189424
2189764
2189781
2189788
2189827
2189871
2190084
2190465
2190545
2190546
2190654
2190770
2190830
2190940
2191136
2191189
2191278
2191383
2191386
2191605
2191799
2191800
2191960
2192044
2192192
2192329
2192338
2192431
2192438
2192450
2192755
2193052
2193260
2193572
2193886
2193983
2194377
2194873
2194885
2194991
2195293
2195296
2195302
2195321
2195344
2195345
2195404
2195409
2195647
2195648
2195649
2195734
2195895
2196024
2196054
2196068
2196072
2196183
2196208
2196209
2196226
2196370
2196376
2196666
2196675
2196678
2196726
2196755
2196764
2196795
2196805
2196865
2196963
2196971
2197046
2197129
2197130
2197138
2197148
2197723
2197853
2198071
2198201
2198266
2198404
2198486
2198989
2199035
2199039
2199257
2199973
2199984
2200376
2200469
2200733
2200781
2200883
2201072
2201527
2201936
2202346
2202371
2202398
2202435
2202581
2202687
2203266
2203524
2204106
2204366
2204499
2204505
2204526
2204794
2204817
2204905
2205037
2205166
2205350
2205405
2205805
2205988
2206270
2206429
2206504
2206667
2206795
2206978
2207066
2207106
2207109
2207110
2207155
2208057
2208136
2208748
2208749
2208757
2208798
2208886
2208990
2209113
2209360
2210395
2210561
2210588
2210667
2210729
2210779
2210899
2210951
2210996
2211106
2211195
2211230
2211368
2211922
2212035
2212041
2212134
2212173
2212250
2212272
2212301
2213064
2213086
2213320
2213585
2213646
2213811
2214031
2214261
2214364
2214783
2214953
2215211
2215251
2215341
2215353
2215539
2215573
2215852
2215874
2216540
2216963
2217162
2217173
2217357
2217402
2217567
2217761
2217762
2218335
2218511
2218622
2218750
2218970
2218975
2218985
2218993
2219115
2219117
2219132
2219141
2219606
2220383
2220467
2220474
2220593
2221091
2221178
2221235
2221502
2221618
2221813
2221816
2221828
2221830
2221907
2222082
2222235
2222272
2222425
2222555
2222950
2223154
2223162
2223457
2223738
2223756
2223759
2223789
2223997
2224073
2224135
2224165
2224635
2224690
2224755
2225041
2225042
2225043
2225070
2225453
2225492
2226469
2226510
2226819
2226925
2227259
2227534
2227988
2228909
2229446
2230155
2230305
2230433
2230681
2230688
2230938
2231823
2231863
2232135
2232141
2232184
2232387
2232416
2232545
2232574
2232787
2232813
2232815
2232935
2232975
2232984
2233037
2233097
2233358
2233367
2233539
2233563
2233902
2233976
2234000
2234170
2234302
2234408
2234454
2234459
2234738
2234836
2234895
2234993
2235072
2235101
2235183
2235323
2235370
2235377
2235426
2235597
2235604
2235663
2235665
2235668
2235831
2236327
2236679
2237099
2237232
2237271
2237278
2237393
2237602
2237754
2237756
2237933
2237988
2238240
2238322
2238350
2238772
2239043
2239369
2239531
2240012
2240043
2240222
2240392
2240781
2241018
2241232
2241474
2241699
2242042
2242044
2242092
2242212
2242331
2242362
2242394
2242399
2242439
2242529
2242627
2242807
2242884
2243017
2243087
2243647
2243816
2243885
2243901
2244363
2244586
2244597
2244652
2244880
2244956
2245264
2246130
2246478
2246496
2246521
2246666
2246683
2246985
2247160
2247672
2247679
2247882
2248055
2248510
2248600
2248601
2248624
2249047
2249434
2249466
2249739
2249772
2249786
2249876
2250000
2250179
2250413
2250566
2250598
2250721
2251077
2251157
2251619
2251771
2251817
2252399
2252453
2252542
2252777
2252849
2252932
2253049
2253050
2253118
2253197
2253256
2253258
2253262
2253265
2253269
2253272
2253274
2253572
2253911
2254171
2254177
2254183
2254221
2254229
2254336
2254529
2255327
2255398
2255430
2255541
2255576
2255981
2256304
2256823
2256951
2257111
2257152
2257307
2257332
2257388
2257468
2257667
2257757
2257959
2258126
2258612
2258637
2258639
2258693
2258696
2259106
2259392
2259433
2259486
2259781
2260030
2260170
2260433
2260740
2261182
2261315
2261330
2261627
2261628
2261656
2261835
2262289
2262295
2262858
2263033
2263091
2263615
2263856
2263988
2264599
2264987
2265110
2265179
2265181
2265201
2265572
226565
2266721
2266764
2266801
2266811
2266924
2267198
2267447
2267451
2267526
2267631
2267644
2268032
2268047
2268133
2268177
2268740
2268777
2268952
2269135
2269299
2269636
2269820
2269824
2270432
2270710
2270712
2270850
2271018
2271025
2271052
2271055
2271059
2271870
2272004
2272384
2272394
2272472
2272675
2273050
2273684
2273775
2273801
2273905
2274144
2274248
2274581
2274756
2274864
2274989
2275031
2275162
2275385
2275394
2275436
2275462
2275505
2275632
2275644
2275945
2275990
2276106
2276293
2276896
2276901
2276960
2277173
2277251
2277275
2277390
2277873
2277942
2278005
2278032
2278067
2278074
2278652
2278734
2278748
2278774
2278798
2278824
2278864
2279028
2279262
2279333
2279577
2280080
2280420
2280865
2281172
2281290
2281792
2281875
2282063
2282709
2282949
2283001
2283060
2283338
2283344
2283345
2283353
2283807
2284058
2284099
2284530
2284560
2284708
2284834
2284885
2284920
2284997
2285096
2285394
2285432
2286194
2286413
2286596
2286900
2287355
2287520
2287645
2287681
2287843
2287858
2287940
2287977
2287999
2288957
2289335
2289441
2289474
2289534
2289540
2289572
2289660
2289931
2290072
2290181
2290261
2290285
2290396
2290479
2290677
2290831
2290853
2290953
2290956
2291115
2291116
2291120
2291274
2291283
2291319
2291373
2291797
2291937
2292045
2292152
2292386
2292434
2292579
2292598
2292640
2292731
2292951
2293217
2293951
2294050
2294423
2294552
2294620
2294689
2294742
2294769
2294821
2294849
2295063
2295136
2295164
2295206
2295215
2295349
2295353
2295521
2295551
2295556
2295568
2295929
2296063
2296066
2296099
2296241
2296331
2296363
2296521
2296589
2296612
2296678
2297203
2297447
2297483
2297577
2297834
2297854
2297911
2297916
2298058
2298059
2298126
2298144
2298151
2298159
2298366
2298442
2298511
2298942
2298983
2299162
2299309
2299448
2299811
2299894
2300010
2300101
2300115
2300479
2300851
2300868
2300882
2301344
2301353
2302311
2302345
2302456
2302531
2302765
2303385
2303420
2303668
2303983
2304097
2304413
2305044
2305100
2305300
2305443
2305503
2305546
2306161
2306226
2306268
2306288
2306297
2306324
2306363
2306572
2306607
2306626
2306798
2306870
2307374
2307469
2307827
2307931
2307944
2307960
2307961
2307987
2308302
2308311
2308925
2309339
2309438
2309486
2309542
2309632
2309769
2309875
2309970
2310737
2311592
2311717
2312245
2312375
2312542
2312673
2312729
2312735
2312958
2312960
2313116
2313346
2313854
2313856
2313868
2313875
2313962
2313989
2314011
2314035
2314055
2314205
2314973
2314994
2315039
2315206
2315354
275037
285166
293506
326159
378557
46737
479468
490301
514904
529743
542304
545402
587912
648436
667885
707251
740821
754699
771723
848501
870288
926943
936452
942134
981991
991720
992755
999434
